[data]
Skin = 23
JobActivity = 0
Job = 0
Weapon3Ammo = 0
Weapon2Ammo = 0
Weapon1Ammo = 0
Weapon3 = 31
Weapon2 = 29
Weapon1 = 24
Deaths = 11
Kills = 8
Admin = 0
Cash = 2253650
Password = 73204161
VirtualWorld = 0
Interior = 0
Angle = 264.445526
CoordinateZ = 10.528387
CoordinateY = 720.922241
CoordinateX = 2308.843994
Armor = 0.000000
