[data]
Skin = 23
JobActivity = 1
Job = 1
Weapon3Ammo = 0
Weapon2Ammo = 0
Weapon1Ammo = 0
Weapon3 = 0
Weapon2 = 0
Weapon1 = 31
Deaths = 10
Kills = 6
Admin = 0
Cash = 2294400
Password = 200278766
VirtualWorld = 0
Interior = 0
Angle = 164.959991
CoordinateZ = 10.671875
CoordinateY = 710.549682
CoordinateX = 2319.460449
Armor = 0.000000
