[data]
JobActivity = 0
Job = 0
Weapon3Ammo = 0
Weapon2Ammo = 0
Weapon1Ammo = 0
Weapon3 = 0
Weapon2 = 0
Weapon1 = 0
Deaths = 0
Kills = 0
Admin = 0
Cash = 2299049
Password = 19726487
VirtualWorld = 0
Interior = 0
Angle = 0.818527
CoordinateZ = 10.972586
CoordinateY = 701.513610
CoordinateX = 2309.765869
Armor = 0.000000
Skin = 23
