[data]
Skin = 23
JobActivity = 1
Job = 1
Weapon3Ammo = 0
Weapon2Ammo = 0
Weapon1Ammo = 0
Weapon3 = 0
Weapon2 = 0
Weapon1 = 0
Deaths = 17
Kills = 23
Admin = 0
Cash = 2257899
Password = 19726487
VirtualWorld = 0
Interior = 0
Angle = 108.645660
CoordinateZ = 10.820312
CoordinateY = 703.520507
CoordinateX = 2309.099853
Armor = 0.000000
PhoneNumber = 665582
Phone = 1
