[data]
Skin = 23
JobActivity = 0
Job = 0
Weapon3Ammo = 0
Weapon2Ammo = 0
Weapon1Ammo = 0
Weapon3 = 0
Weapon2 = 0
Weapon1 = 0
Deaths = 0
Kills = 1
Admin = 0
Cash = 2268500
Password = 195232479
VirtualWorld = 0
Interior = 0
Angle = 269.112121
CoordinateZ = 10.918275
CoordinateY = 709.502136
CoordinateX = 2333.093261
Armor = 0.000000
